"ticker"	"name"	"rrg"	"data"	"close"	"factor"	"atr_low"	"atr_high"	"DC_low"	"DC_high"	"sd_low"	"sd_high"	"stop_loss"	"hi1"	"hi2"	"hi3"	"hi4"	"lo1"	"lo2"	"lo3"	"lo4"	"flr"	"clg"
"A2A.MI"	"A2A"	-1	2025-04-09	1.91	1	1.83954218369612	1.98045781630388	2.34	1.89	1.79462912169685	2.02537087830315	2.36	2.03	2.31	2.33	1.96	1.96	2.11	1.89	0.95	0.94	1.96
"ABT.MI"	"ABITARE IN"	-1	2025-04-09	3.04	1	2.86547245694204	3.21452754305796	3.2	2.7	2.92386962612536	3.15613037387464	3.2	3.2	3.19	4.7	8.83	2.7	2.5	2.5	3.61	3.61	5.26
"ABTG.MI"	"ALFIO BARDOLLA"	-1	2025-04-09	2.25	1	2.14970158587074	2.35029841412926	2.58	2.17	2.16110878360801	2.33889121639199	2.58	2.26	2.58	2.63	3.5	2.17	2.28	2.17	1.88	1.91	3.54
"AC5.MI"	"ACINQUE"	-1	2025-04-09	1.95	1	1.89663902204863	2.00336097795137	2.15	1.92	1.87952281952977	2.02047718047023	2.2	2.02	2.2	2.2	2.2	1.92	2.01	1.92	1.66	1.66	2.5
"ACE.MI"	"ACEA"	-1	2025-04-09	17.89	1	17.3080107152637	18.4719892847363	20.14	17.57	17.3616036078352	18.4183963921648	20.14	18.57	19.84	20.14	14.59	17.57	15.41	14.89	10.05	10.05	21.48
"ADB.MI"	"AEROPORTO GUGLIELMO MARCONI DI BOLOGNA"	-1	2025-04-09	8.04	1	7.838449867561	8.241550132439	8.22	7.64	7.91609823103907	8.16390176896093	8.36	8.22	8.36	8.36	8.76	7.64	7.58	7.26	7.6	6.82	8.76
"AEDES.MI"	"AEDES"	-1	2025-04-09	0.17	1	0.161863218548089	0.178136781451911	0.18	0.16	0.164864474089869	0.175135525910131	0.19	0.18	0.2	0.2	8.76	0.17	0.16	0.14	7.6	0.25	0.84
"AEF.MI"	"AEFFE"	-1	2025-04-09	0.6	1	0.565106373628433	0.634893626371567	0.71	0.57	0.563800006071277	0.636199993928723	0.75	0.71	0.96	1.01	1.28	0.66	0.65	0.57	0.67	0.67	2.98
"AIM.MI"	"4AIM SICAF"	-1	2025-04-08	77.3	1	75.0898632550377	79.5101367449623	87.7	73.62	74.7697030318058	79.8302969681942	87.7	85	87.99	163.98	1.28	73.62	78	135	0.67	332.05	452
"AIW.MI"	"ALMAWAVE"	-1	2025-04-09	3.21	1	3.01992579689399	3.40007420310601	3.28	2.68	3.10140001821383	3.31859998178617	3.37	3.28	3.69	4.1	5.34	2.68	2.9	2.12	3.6	3.6	5.36
"ALW.MI"	"ALGOWATT"	-1	2024-11-22	0.23	1	0.229999645653718	0.230000354346282	0.23	0.23	0.23	0.23	0.23	0.24	0.26	0.28	12.98	0.23	0.22	0.14	6.8	0.47	0.72
"AMB.MI"	"AMBROMOBILIARE"	-1	2025-04-08	1.07	1	1.02655210654046	1.11344789345954	1.12	0.96	1.00561789887667	1.13438210112333	1.24	1.04	1.23	1.39	3.1	0.96	0.99	0.96	1.26	1.2	3.1
"AMP.MI"	"AMPLIFON"	-1	2025-04-09	17.1	1	16.4050720942258	17.7949279057742	19.75	17.01	16.2609345858452	17.9390654141548	20.55	19.03	27.14	28.4	35.14	18.31	24.9	25.03	24.49	24.49	35.14
"ARN.MI"	"ALERION"	-1	2025-04-09	13.4	1	12.6498998642517	14.1501001357483	15.1	13.02	12.9435348429941	13.8564651570059	15.7	14.5	15.1	15.7	44.55	13.02	13.84	11.42	11.66	10.65	44.55
"ASC.MI"	"ASCOPIAVE"	-1	2025-04-09	2.97	1	2.8884065012662	3.0515934987338	3.2	2.85	2.91482794145624	3.02517205854376	3.2	3.03	3.12	3.2	4.13	2.85	2.76	2.53	1.88	1.93	2.91
"AZM.MI"	"AZIMUT"	-1	2025-04-09	20.48	1	19.5119445759022	21.4480554240978	26.65	19.28	17.957533476409	23.002466523591	27.07	21.73	27.07	27.44	23.8	19.28	24.86	19.28	13.83	13.81	23.84
"B.MI"	"BASTOGI SPA"	-1	2025-04-09	0.59	1	0.540723087146275	0.639276912853725	0.7	0.52	0.527801275586381	0.652198724413619	0.77	0.65	0.77	0.82	1.23	0.52	0.62	0.52	0.5	0.35	0.68
"BAN.MI"	"BASICNET"	-1	2025-04-09	7.45	1	7.07007705224402	7.82992294775598	8.32	6.7	7.22140058550448	7.67859941449552	8.32	7.68	8.32	8.92	6.65	6.7	6.88	6.7	2.82	2.84	6.69
"BC.MI"	"BRUNELLO CUCINELLI"	-1	2025-04-09	89.22	1	85.4413778900628	92.9986221099372	110	87.9	81.9338203983972	96.5061796016028	114.8	94.58	133.4	133.4	122.9	87.9	92.65	86.3	68.65	79.85	122.9
"BE.MI"	"BEGHELLI"	-1	2025-04-09	0.34	1	0.339883429119093	0.340116570880907	0.34	0.34	0.34	0.34	0.34	0.24	0.25	0.5	3.66	0.23	0.23	0.22	2.49	0.14	0.5
"BEC.MI"	"B&C SPEAKERS"	-1	2025-04-09	14	1	13.5389862375096	14.4610137624904	16.2	13.9	13.2957741371307	14.7042258628693	16.2	14.8	16.1	18	19.8	14.05	14.8	14.9	14.9	10.25	19.8
"BES.MI"	"BESTBE HOLDING"	-1	2025-04-09	0.12	1	0.104728762682111	0.135271237317889	0.15	0.11	0.10111631904015	0.13888368095985	0.23	0.14	0.83	17	31.5	0.11	0.29	0.11	5.5	14.1	32.8
"BFF.MI"	"BFF BANK"	-1	2025-04-09	6.9	1	6.59541964111982	7.20458035888018	8.18	6.14	6.41514134834169	7.38485865165831	8.41	7.15	8.41	9.2	12.95	6.14	8	6.14	6.98	6.98	10.82
"BIA.MI"	"BIALETTI INDUSTRIE"	-1	2025-04-09	0.24	1	0.221418299702169	0.258581700297831	0.3	0.22	0.230055096838023	0.249944903161977	0.3	0.3	0.29	0.32	34.84	0.24	0.23	0.16	27.14	0.15	0.34
"BIE.MI"	"BIOERA"	-1	2025-04-08	0.04	1	0.0399947546643998	0.0400052453356002	0.04	0.04	0.04	0.04	0.04	0.07	0.1	0.13	24.97	0.03	0.06	0.03	3.98	0.01	9.88
"BO.MI"	"BORGOSESIA"	-1	2025-04-09	0.53	1	0.501498442939721	0.558501557060279	0.65	0.53	0.511843174019936	0.548156825980064	0.65	0.65	0.63	0.7	46.67	0.54	0.52	0.52	1.49	0.56	0.85
"BRE.MI"	"BREMBO"	-1	2025-04-09	7.18	1	6.83471620897723	7.52528379102277	8.43	6.5	6.62278902924111	7.73721097075889	10.41	7.49	10.29	10.51	14.99	6.5	9.28	6.5	9.96	9.96	12.39
"BSS.MI"	"BIESSE"	-1	2025-04-09	5.86	1	5.5100160362852	6.2099839637148	7.06	5.53	5.33713122273198	6.38286877726802	8.3	6.25	8.66	11.9	34.14	5.53	6.86	5.53	9.53	9.5	13.2
"BST.MI"	"BANCA SISTEMA"	-1	2025-04-09	1.38	1	1.30059610645593	1.45940389354407	1.75	1.26	1.23017959469367	1.52982040530633	1.83	1.46	1.83	1.91	1.71	1.26	1.67	1.26	1.06	1.06	1.73
"CBB.MI"	"CLEANBNB"	-1	2025-04-09	1.12	1	1.06969349367411	1.17030650632589	1.28	1.01	1.06235386463017	1.17764613536983	1.29	1.29	1.18	1.39	1.55	1.01	1.12	1.01	0.92	0.93	1.52
"CDG.MI"	"CASTA DIVA GROUP"	-1	2025-04-09	1.1	1	1.03688491699367	1.16311508300633	1.24	0.91	1.05398877346741	1.14601122653259	1.28	1.15	1.19	1.77	0.8	0.91	1.08	0.91	0.26	0.56	1.79
"CELL.MI"	"CELLULARLINE"	-1	2025-04-09	2.43	1	2.36759890607259	2.49240109392741	2.57	2.37	2.37176119642577	2.48823880357423	2.66	2.44	2.66	2.72	2.73	2.37	2.44	2.37	2.1	2.07	3.04
"CFM.MI"	"CROWDFUNDME"	-1	2025-04-09	1.09	1	1.05268485272039	1.12731514727961	1.2	1.09	1.03676921488916	1.14323078511084	1.43	1.14	1.89	2.24	9.98	1.12	1.78	1.86	5.17	3.75	5.95
"CFV.MI"	"CONFINVEST"	-1	2025-04-09	1.58	1	1.55167828198322	1.60832171801678	1.69	1.58	1.54254673241562	1.61745326758438	1.69	1.65	1.66	2.2	2.34	1.58	1.62	1.58	1.31	1.31	2.34
"CIR.MI"	"CIR"	-1	2025-04-09	0.52	1	0.503172905159676	0.536827094840324	0.58	0.48	0.495505102572168	0.544494897427832	0.59	0.54	0.63	0.63	2.34	0.5	0.58	0.37	1.31	0.34	0.54
"CLABO.MI"	"CLABO"	-1	2025-04-09	0.95	1	0.879040638307887	1.02095936169211	1.33	0.9	0.831000046172324	1.06899995382768	1.43	1.09	1.33	2.85	3.34	0.9	1.18	1.78	1.67	1.67	2.85
"CLE.MI"	"CLASS EDITORI"	-1	2025-04-09	0.08	1	0.0760109809149312	0.0839890190850688	0.08	0.07	0.08	0.08	0.1	0.1	0.12	0.17	3.34	0.09	0.08	0.05	1.67	0.05	0.69
"CLF.MI"	"CALEFFI"	-1	2025-04-09	0.8	1	0.765581441304305	0.834418558695695	0.85	0.75	0.787842607277784	0.812157392722216	0.85	0.8	0.85	0.89	1.66	0.75	0.7	0.8	0.49	0.49	1.66
"CLI.MI"	"CENTRALE DEL LATTE D'ITALIA"	-1	2025-04-09	2.84	1	2.77358626680629	2.90641373319371	2.84	2.56	2.78573163955807	2.89426836044193	2.96	2.82	2.92	2.92	3.38	2.56	2.76	2.56	2.41	2.4	3.38
"CMB.MI"	"CEMBRE"	-1	2025-04-09	41.25	1	39.7593226752954	42.7406773247046	46.9	40.05	39.529594827942	42.970405172058	46.9	43.05	46.7	46.8	45.2	40.05	42.6	40.05	27.4	34	45.45
"CNF.MI"	"CONAFI"	-1	2025-03-10	0.16	1	0.148815215876408	0.171184784123592	0.19	0.15	0.137861574353403	0.182138425646597	0.22	0.21	0.31	0.31	0.47	0.15	0.18	0.15	0.34	0.33	0.47
"COM.MI"	"COMER INDUSTRIES"	-1	2025-04-09	25.5	1	24.6718980574059	26.3281019425941	28.4	25.2	24.4996429208956	26.5003570791044	29.9	28.3	29.9	35.3	36.7	27.8	26.5	25.2	24.4	20	35.8
"CPR.MI"	"CAMPARI"	-1	2025-04-09	5.18	1	4.94561606445899	5.41438393554101	5.83	5.07	4.99982914092024	5.36017085907976	6.05	5.49	5.83	6.42	12.96	5.07	5.73	5.07	8.61	3.44	13.48
"CRL.MI"	"CAREL INDUSTRIES"	-1	2025-04-09	15.48	1	14.6348916361073	16.3251083638927	17.56	13.06	14.4119001157956	16.5480998842044	19.98	15.82	21.5	22.4	27.77	13.06	19.06	13.06	14.72	14.72	27.77
"CSP.MI"	"CSP INT IND CALZE"	-1	2025-04-09	0.29	1	0.278268076208734	0.301731923791266	0.3	0.27	0.281982162742627	0.298017837257373	0.3	0.3	0.32	0.33	0.46	0.27	0.28	0.27	0.31	0.31	0.46
"CULT.MI"	"CULTI MILANO"	-1	2025-04-09	11.3	1	10.8530849641234	11.7469150358766	12.3	10	10.5605318216359	12.0394681783641	13	12.1	13	14.8	27.1	10	11.1	10	11.2	11.05	27.8
"CVG.MI"	"CONVERGENZE"	-1	2025-04-09	1.61	1	1.56269940083306	1.65730059916694	1.88	1.56	1.56672728951721	1.65327271048279	1.88	1.63	1.88	1.99	3.76	1.56	1.66	1.56	1.01	0.98	3.76
"CY4.MI"	"CY4GATE"	-1	2025-04-09	3.34	1	3.15558198875578	3.52441801124421	4.3	3.2	3.00229605266749	3.67770394733251	4.32	3.57	4.32	4.54	13.74	3.2	4.05	3.2	4.99	4.95	6.7
"CYB.MI"	"CYBEROO"	-1	2025-04-09	1.62	1	1.5329940158564	1.7070059841436	1.94	1.5	1.54998822704967	1.69001177295033	1.94	1.73	1.89	1.94	2.22	1.5	1.57	1.49	1.43	1.43	3.64
"DAL.MI"	"DATALOGIC"	-1	2025-04-09	3.83	1	3.62957846450613	4.03042153549387	4.55	3.77	3.56854065514694	4.09145934485306	5.02	4.1	5.02	6.72	10.05	3.77	4.26	3.77	5.02	6.13	10.05
"DAN.MI"	"DANIELI & C"	-1	2025-04-09	26.05	1	24.6090252640744	27.4909747359256	32	24.1	24.040650288343	28.059349711657	33.05	27.2	33.3	33.5	26.2	24.1	29	23.45	15.92	15.88	39.2
"DGT.MI"	"DIGITOUCH"	-1	2025-04-09	1.6	1	1.54474211643344	1.65525788356656	1.8	1.53	1.55519885205552	1.64480114794448	1.8	1.73	1.79	2.14	2.93	1.53	1.65	1.53	1.73	0.91	3
"DGV.MI"	"DIGITAL VALUE"	-1	2025-04-09	15.7	1	14.3663251357253	17.0336748642747	19.76	14	13.7736066837763	17.6263933162237	20.9	16.84	20.9	36.45	68.1	14.62	14	10	42.7	42.7	68.1
"DHH.MI"	"DHH"	-1	2025-04-09	20	1	19.1802940366386	20.8197059633614	22.4	19.25	19.3051207710277	20.6948792289723	22.8	21.2	23.4	30	17.3	19.4	21.2	13.7	13.1	12.3	17.3
"DIA.MI"	"DIASORIN"	-1	2025-04-09	90.72	1	88.2261435725348	93.2138564274652	95.82	88.96	89.032135102537	92.407864897463	99.7	94.18	102.6	107.45	112.35	88.96	98.7	88.96	81.24	81.24	112.35
"DIB.MI"	"DIGITAL BROS"	-1	2025-04-09	9.12	1	8.5500671503365	9.6899328496635	10.48	8.55	8.82088041275682	9.41911958724318	10.76	9.84	10.48	15.18	47.32	8.55	9.4	8.55	7.78	19.9	30.16
"DIS.MI"	"D'AMICO"	-1	2025-04-09	2.91	1	2.76073177288231	3.05926822711769	3.52	2.65	2.64782398329316	3.17217601670684	3.75	3.08	3.75	7.86	1.19	2.65	3.32	2.65	0.86	3.22	5.09
"DLG.MI"	"DE'LONGHI"	-1	2025-04-09	24.94	1	23.6594528885576	26.2205471114424	31.26	23.28	22.3629273784576	27.5170726215424	32.83	26.5	34.82	34.82	34.42	23.28	29.3	25.74	24.84	14.26	34.42
"DOV.MI"	"DOVALUE"	-1	2025-04-09	1.51	1	1.41025177186357	1.60974822813643	1.82	1.34	1.41587592943704	1.60412407056296	1.91	1.62	1.82	1.91	29.65	1.34	1.67	1.34	8.95	0.92	57
"DOX.MI"	"DOXEE"	-1	2025-04-09	1.34	1	1.26876005608911	1.41123994391089	1.45	1.2	1.30478480597654	1.37521519402346	1.63	1.34	1.6	2.18	14.2	1.25	1.2	1.2	8.95	2.4	14.2
"ECK.MI"	"ECOSUNTEK"	-1	2025-04-08	14.5	1	13.9997007045809	15.0002992954191	16.8	13.7	13.5902844303946	15.4097155696054	17.4	17.05	17.25	18.85	25.4	13.7	15.8	13.7	13.5	13.5	25.4
"ECNL.MI"	"AQUAFIL"	-1	2025-04-09	1.19	1	1.1146516842518	1.2653483157482	1.35	1.08	1.11716117446379	1.26283882553621	1.44	1.26	1.44	1.54	3.7	1.08	1.13	1.08	2.04	2.04	3.74
"EDAC.MI"	"EDILIZIACROBATICA"	-1	2025-04-09	5.4	1	5.08883080771898	5.71116919228102	6.4	5	5.11244111926405	5.68755888073595	6.56	5.82	6.4	9.18	18.7	5	5.8	5	11.45	13.5	18.84
"ELC.MI"	"ELICA"	-1	2025-04-09	1.1	1	1.04473395091325	1.15526604908675	1.4	1.08	0.997522449523574	1.20247755047643	1.42	1.18	1.64	1.9	3.24	1.08	1.51	1.08	2.56	1.81	3.75
"ELES.MI"	"ELES"	-1	2025-04-09	1.5	1	1.42914782182299	1.57085217817701	1.77	1.42	1.40364899334456	1.59635100665544	1.89	1.52	1.89	1.89	4.73	1.42	1.38	1.33	1.18	1.14	2.47
"ELN.MI"	"EL.EN"	-1	2025-04-09	7.45	1	7.0112484394068	7.8887515605932	9.32	7.01	6.79996830170275	8.10003169829725	11.29	7.79	11.74	12.58	18.2	7.01	10.24	7.01	8.21	8.2	18.2
"EM.MI"	"EMAK"	-1	2025-04-09	0.73	1	0.707495118428782	0.752504881571218	0.86	0.71	0.682208097609889	0.777791902390111	0.9	0.83	0.94	1.24	2.37	0.81	0.91	0.88	0.88	0.88	1.35
"ENAV.MI"	"ENAV"	-1	2025-04-09	3.46	1	3.3561742981161	3.5638257018839	3.98	3.3	3.38082499561932	3.53917500438068	3.98	3.57	3.98	4.25	4.28	3.3	3.32	3.3	2.94	2.94	4.74
"ENI.MI"	"ENI"	-1	2025-04-09	11.23	1	10.8268831602035	11.6331168397965	14.5	11.01	10.1199438188656	12.3400561811344	14.5	14.41	14.5	14.5	15.83	14.12	13.11	12.28	13.48	5.73	15.83
"ENV.MI"	"ENERVIT"	-1	2025-04-09	3.14	1	3.08816864041681	3.19183135958319	3.3	3.06	3.09641731365037	3.18358268634963	3.33	3.2	3.33	3.42	3.55	3.06	3.1	3.06	3.24	2.7	3.55
"EPH.MI"	"E.P.H"	-1	2025-04-09	0.07	1	0.0607701477371088	0.0792298522628912	0.07	0.05	0.0625505365633151	0.0774494634366849	0.09	0.07	0.1	1.33e+08	1.74e+08	0.05	0.05	0.01	5e+07	5e+07	1.74e+08
"ERG.MI"	"ERG"	-1	2025-04-09	16.63	1	16.0547893956382	17.2052106043618	18.37	15.96	16.0640480158603	17.1959519841397	18.37	18.19	19.06	25.42	29.1	16.09	16.84	15.96	21	21	29.1
"ESAU.MI"	"ESAUTOMOTION"	-1	2025-04-09	3.08	1	2.93862910006133	3.22137089993867	3.25	2.7	2.97019247608796	3.18980752391204	3.25	3.11	3.22	3.42	5.06	2.7	2.51	2.4	3.33	3.29	5.08
"ESIGM.MI"	"ESI"	-1	2025-04-09	1.47	1	1.38471111704376	1.55528888295624	1.8	1.37	1.38230672836466	1.55769327163534	1.8	1.54	2.1	2.1	3	1.37	1.43	1.2	1.2	1.02	3
"ETH.MI"	"EUROTECH"	-1	2025-04-09	0.69	1	0.65610060625561	0.72389939374439	0.79	0.63	0.667516795035082	0.712483204964918	0.79	0.79	0.94	1.17	3.83	0.7	0.84	0.66	2.64	3.1	6.09
"EUK.MI"	"EUKEDOS"	-1	2025-04-09	0.75	1	0.728195330540881	0.771804669459119	0.81	0.75	0.726187545967856	0.773812454032144	0.82	0.78	0.82	0.84	3.5	0.75	0.75	0.66	0.85	0.66	3.5
"EVA.MI"	"ASKOLL EVA"	-1	2025-04-09	0.09	1	0.0837536098458488	0.0962463901541512	0.13	0.08	0.0730320275839425	0.106967972416057	0.16	0.16	0.18	0.18	3.13	0.1	0.1	0.08	0.9	0.66	4.54
"EXAI.MI"	"EXPERT.AI"	-1	2025-04-09	1.25	1	1.17788712091728	1.32211287908272	1.33	1.07	1.1839955046486	1.3160044953514	1.33	1.28	1.27	1.33	1.92	1.15	1.07	0.98	0.69	0.67	1.92
"FARM.MI"	"H-FARM"	-1	2025-04-09	0.13	1	0.127257922016326	0.132742077983674	0.14	0.13	0.125253688534507	0.134746311465493	0.15	0.15	0.16	0.18	0.93	0.14	0.12	0.11	0.18	0.18	0.31
"FCM.MI"	"FRIULCHEM"	-1	2025-01-17	0.79	1	0.770219748851143	0.809780251148857	0.89	0.76	0.745723148706807	0.834276851293193	0.89	0.83	0.89	1.12	1.48	0.76	0.7	0.7	0.94	1.1	1.41
"FDA.MI"	"FIDIA"	-1	2025-04-09	0	1	-0.00166629808325294	0.00166629808325294	0.01	0	-0.00267261241912424	0.00267261241912424	0.01	0.01	0.15	1.34	3.55	0.01	0.09	0	1.41	1.35	1.96
"FF.MI"	"FINE FOODS & PHARMACEUTICALS NTM"	-1	2025-04-09	6.94	1	6.70711674697957	7.17288325302043	7.22	6.46	6.79091487791743	7.08908512208257	7.38	7	7.38	9.1	9.48	6.46	6.6	6.46	7.52	7.21	9.62
"FIC.MI"	"FIRST CAPITAL"	-1	2025-04-09	16.3	1	15.91944487423	16.68055512577	18	15.6	15.7569115588184	16.8430884411816	18	16.7	18	19.12	21.48	15.9	17.2	15.69	15.69	17.76	21.58
"FNM.MI"	"FNM"	-1	2025-04-09	0.38	1	0.367687054026472	0.392312945973528	0.42	0.37	0.362584584320301	0.397415415679699	0.44	0.4	0.46	0.55	4.32	0.37	0.42	0.4	3.36	0.4	0.59
"FNX.MI"	"FENIX ENTERTAINMENT"	-1	2024-10-02	0	1	-7.11343805830721e-10	7.11343805830721e-10	0	0	0	0	0	0.01	0.4	3.04	4.32	0.01	0.25	0	3.36	5.25	7.05
"FOS.MI"	"FOS"	-1	2025-04-09	3.44	1	3.41125426816306	3.46874573183694	3.48	3.4	3.42459342226961	3.45540657773039	3.48	3.48	2.36	3.48	4.14	3.4	2.1	2.06	2.92	2.85	4.14
"FPE.MI"	"FOPE"	-1	2025-04-09	29	1	28.445011637625	29.554988362375	31.2	27.6	28.1243212993265	29.8756787006735	32.6	31.2	32.4	32.6	38.6	27.6	24.8	21.6	22.8	22.8	31
"FRE.MI"	"FRENDY ENERGY"	-1	2025-04-09	0.2	1	0.190013814799435	0.209986185200565	0.22	0.19	0.186311952755684	0.213688047244316	0.26	0.22	0.26	0.3	38.6	0.19	0.21	0.19	22.8	0.18	0.43
"FUM.MI"	"FRANCHI UMBERTO MARMI"	-1	2025-04-09	4.19	1	4.08335766261237	4.29664233738764	4.56	4.14	4.04030984382017	4.33969015617983	4.86	4.54	5.3	6.1	11.7	4.4	4.38	4.14	8	8.36	9.9
"FVI.MI"	"FERVI"	-1	2025-04-08	14.7	1	14.4099929661169	14.9900070338831	15.6	13.8	14.1904753346349	15.2095246653651	16.2	15.5	16.2	15.9	18	13.8	15.4	13.8	12.6	14.2	18.5
"GAB.MI"	"GABETTI"	-1	2025-04-09	0.59	1	0.551539875882536	0.628460124117464	0.65	0.51	0.565137742095058	0.614862257904942	0.69	0.61	0.69	0.76	1.35	0.51	0.41	0.51	0.96	0.41	2.48
"GAMB.MI"	"GAMBERO ROSSO"	-1	2025-04-09	0.22	1	0.215910733393502	0.224089266606498	0.24	0.22	0.208233031891709	0.231766968108291	0.27	0.26	0.35	0.54	1.35	0.25	0.26	0.22	0.96	0.31	0.68
"GBUS.MI"	"GIBUS"	-1	2025-04-08	9.95	1	9.90168088399563	9.99831911600437	10.15	9.95	9.88297532027449	10.0170246797255	10.15	9.98	10.15	10.15	17.9	9.96	9.94	7.2	2.9	10.6	17.7
"GEO.MI"	"GEOX"	-1	2025-04-09	0.33	1	0.314823361237037	0.345176638762963	0.41	0.33	0.306314793414686	0.353685206585314	0.41	0.37	0.46	0.79	1.2	0.33	0.4	0.33	0.64	0.64	1.2
"GG.MI"	"GIGLIO GROUP"	-1	2025-04-09	0.21	1	0.193006871505458	0.226993128494542	0.35	0.21	0.15749672956288	0.26250327043712	0.37	0.39	0.45	0.83	8.65	0.38	0.36	0.21	1.85	1.85	2.73
"GHC.MI"	"GAROFALO HEALTH CARE"	-1	2025-04-09	5.12	1	4.99941620263104	5.24058379736896	5.3	4.78	5.05450106954988	5.18549893045012	5.3	5.3	5.38	5.92	6.06	4.78	4.85	4.78	3.61	3.58	6.1
"GIS.MI"	"GISMONDI 1754"	-1	2025-04-09	2.02	1	1.97508744220773	2.06491255779227	2.11	1.97	1.98107911659745	2.05892088340255	2.19	2.07	2.69	3.87	8.3	1.97	2.4	1.97	3.45	1.72	8.3
"GO.MI"	"GO INTERNET"	-1	2024-08-02	0.7	1	0.679585946119976	0.720414053880024	0.81	0.7	0.658543018456702	0.741456981543298	0.88	0.79	0.88	0.88	539	0.7	0.72	0.6	234.5	234.5	645
"GPI.MI"	"GPI"	-1	2025-04-09	8.04	1	7.70532541236188	8.37467458763812	9.58	7.94	7.69929936443129	8.38070063556871	9.58	8.64	9.16	13	13.38	7.94	8.31	7.94	7.21	7.21	14.9
"GRAL.MI"	"GRIFAL"	-1	2025-04-09	1.5	1	1.45395305899277	1.54604694100723	1.8	1.48	1.40211859609318	1.59788140390682	1.86	1.54	1.89	1.89	3.14	1.5	1.64	1.48	1.8	1.8	3.14
"GROW.MI"	"GROWENS"	-1	2025-04-09	3.55	1	3.34748002039626	3.75251997960374	3.93	3.47	3.44753317341964	3.65246682658036	4.12	3.9	4.12	8.06	6.6	3.47	3.37	3.37	3.75	3.71	5.48
"GSP.MI"	"GAS PLUS"	-1	2025-04-09	2.73	1	2.61303426745122	2.84696573254878	2.97	2.5	2.64438329730584	2.81561670269416	3.04	2.89	3.04	3.67	2.97	2.5	2.63	2.5	2.04	2.25	2.97
"GVS.MI"	"GVS"	-1	2025-04-09	3.91	1	3.68935588685787	4.13064411314213	4.8	3.83	3.53357596391163	4.28642403608837	5.26	4.18	5.26	5.43	7.52	3.83	4.57	3.83	2.92	2.92	7.52
"HER.MI"	"HERA"	-1	2025-04-09	3.63	1	3.52099930217998	3.73900069782002	4.19	3.56	3.48162417779374	3.77837582220626	4.19	4.16	3.62	4.19	3.78	3.98	3.52	3.32	2.12	1.98	3.78
"HI.MI"	"HEALTH ITALIA"	-1	2025-04-09	106	1	101.495514114409	110.504485885591	118.5	91	99.7211676034683	112.278832396532	128	116.5	128	153	193	91	85.2	85.2	104	98.6	193
"IB.MI"	"INIZIATIVE BRESCIANE"	-1	2025-04-09	14.1	1	13.8459866909043	14.3540133090957	15	13.7	13.8319176770689	14.3680823229311	15	14.4	14.7	15.1	193	14	14.1	13.7	104	13.2	22
"ICF.MI"	"INDUSTRIE CHIMICHE FORESTALI"	-1	2025-04-08	4.94	1	4.82918188383093	5.05081811616907	5.2	4.6	4.86307774725716	5.01692225274284	5.2	5.1	5.2	5.2	6.42	4.6	4.94	4.32	4.1	4.1	6.42
"IE.MI"	"IERVOLINO & LADY BACARDI ENTERTAINMENT"	-1	2024-11-06	0.43	1	0.425002138879822	0.434997861120178	0.43	0.43	0.43	0.43	0.43	0.41	0.71	1.26	6.42	0.38	0.42	0.35	1.1	2.22	4.8
"IF.MI"	"BANCA IFIS"	-1	2025-04-09	18.71	1	17.9335716932473	19.4864283067527	22.48	16.83	17.1211307497137	20.2988692502863	22.66	19.46	22.6	23.2	16.09	16.83	20.74	18.33	10.55	10.55	22.16
"IG.MI"	"ITALGAS"	-1	2025-04-09	6.43	1	6.28366671190122	6.57633328809878	6.9	6.26	6.29828268697908	6.56171731302092	6.9	6.57	6.84	6.9	6.09	6.26	5.89	5.28	4.57	4.57	6.09
"IIG.MI"	"IIG"	-1	2024-07-31	0.16	1	0.1599986414876	0.1600013585124	0.16	0.16	0.16	0.16	0.16	0.17	0.4	0.76	1.1	0.14	0.09	0.09	0.12	0.12	1.18
"ILLA.MI"	"ILLA"	-1	2025-04-08	0	1	-1.0461813343379e-11	1.0461813343379e-11	0	0	0	0	0	0.11	8.2	1750	1.1	0.09	3.6	0	0.12	44000	74000
"ILP.MI"	"ILPRA"	-1	2025-04-09	4.04	1	3.9120864988002	4.1679135011998	4.44	3.66	3.9153642670256	4.1646357329744	4.44	4.18	4.44	5.25	6	3.66	4.18	3.66	4.66	1.76	6.35
"ILTY.MI"	"ILLIMITY BANK"	-1	2025-04-09	3.14	1	3.01296211759826	3.26703788240174	3.62	2.69	2.96193963241222	3.31806036758778	3.7	3.28	3.7	3.99	14.25	2.69	3.41	2.69	5.45	5.32	14.25
"IMS.MI"	"IMMSI"	-1	2025-04-09	0.48	1	0.461754874300271	0.498245125699729	0.54	0.47	0.457998501549532	0.502001498450468	0.6	0.54	0.6	0.62	0.65	0.51	0.55	0.46	0.34	0.34	0.65
"INC.MI"	"INNOVATEC"	-1	2025-04-09	0.2	1	0.18615164155633	0.21384835844367	0.24	0.16	0.183947202496378	0.216052797503622	0.24	0.23	1.14	1.47	0.65	0.16	0.39	0.16	0.34	0.08	2.53
"INDB.MI"	"INDEL B"	-1	2025-04-09	18.35	1	17.8190678100725	18.8809321899275	21.4	18.1	17.4027947412531	19.2972052587469	22.8	20.6	22.8	24	24.4	20	21.6	19.9	19	22	24.4
"INW.MI"	"INWIT"	-1	2025-04-09	9.06	1	8.81447709865815	9.30552290134185	10.16	8.81	8.73914948193114	9.38085051806886	10.16	10.05	9.68	10.22	12.64	9.35	9.09	8.81	8.14	8.14	12.64
"IOT.MI"	"SECO"	-1	2025-04-09	1.79	1	1.68623465998211	1.89376534001789	2.04	1.54	1.67091004415813	1.90908995584187	2.11	2.04	2.11	2.11	12.64	1.54	1.51	1.51	3.95	8.14	9.94
"IP.MI"	"INTERPUMP GROUP"	-1	2025-04-09	26.18	1	24.9311698273471	27.4288301726529	34.82	25.48	22.8575317000164	29.5024682999836	36.74	28.2	36.74	47.12	54.6	26.08	34.32	40.22	35.14	35.14	54.6
"IRC.MI"	"IRCE"	-1	2025-04-09	1.99	1	1.92309002381829	2.05690997618171	2.06	1.77	1.91678122501032	2.06321877498968	2.07	2.06	2.18	2.35	2.72	1.77	1.94	1.77	1.77	1.77	2.72
"IRE.MI"	"IREN"	-1	2025-04-09	2.19	1	2.12840187326653	2.25159812673347	2.44	2.11	2.1113576743438	2.2686423256562	2.44	2.23	2.44	2.44	2.13	2.11	2.01	1.85	1.28	1.71	2.13
"ITD.MI"	"INTRED"	-1	2025-04-09	10.4	1	9.98880924371425	10.8111907562858	11.25	9.68	10.0553987811977	10.7446012188023	11.25	10.4	11.45	13.65	15.5	9.68	10.3	9.68	9.1	9.02	20.2
"ITM.MI"	"ITALMOBILIARE"	-1	2025-04-09	21.65	1	20.9151074289965	22.3848925710035	24.75	20.45	20.3316124983922	22.9683875016078	25.45	22.15	25.35	27.95	35.3	20.45	23.4	20.45	22.85	22.85	35.35
"ITW.MI"	"IT WAY"	-1	2025-04-09	0.89	1	0.828373134283554	0.951626865716446	1.11	0.78	0.83405163290837	0.94594836709163	1.11	0.91	1.11	1.88	2.34	0.78	1.07	0.78	1.19	1.1	2.37
"IWB.MI"	"ITALIAN WINE BRANDS"	-1	2025-04-09	20.2	1	19.2207972317024	21.1792027682976	22	18.15	19.5817785168746	20.8182214831254	22.6	21.2	22.6	24.4	49.3	18.15	21.5	18.15	16.6	16.6	49.3
"JUVE.MI"	"JUVENTUS FC"	-1	2025-04-09	2.74	1	2.58026374731827	2.89973625268173	3.21	2.47	2.56468865999581	2.91531134000419	3.51	2.87	3.51	3.55	3.82	2.47	2.31	1.67	2.41	2.41	3.82
"KME.MI"	"KME GROUP"	-1	2025-04-09	0.88	1	0.843630060260338	0.916369939739662	0.93	0.82	0.861424345366719	0.898575654633281	0.93	0.93	0.93	1.06	3.82	0.82	0.88	0.82	2.41	0.19	1.23
"LFG.MI"	"LEONE FILM GROUP"	-1	2025-04-08	1.48	1	1.4660452727003	1.4939547272997	1.57	1.48	1.45086409261922	1.50913590738078	1.59	1.57	1.59	1.78	3.7	1.55	1.48	1.48	1.94	1.94	3.7
"LLY.DE"	NA	-1	2025-04-09	629.1	1	597.919493594464	660.280506405536	772.4	604.6	578.191866838608	680.008133161392	807.1	699	807.1	888.3	885.3	604.6	735.3	604.6	657.5	110.88	154.4
"LMG.MI"	"LUCISANO MEDIA GROUP"	-1	2025-04-08	0.91	1	0.901134144365039	0.918865855634961	0.94	0.91	0.897842607277784	0.922157392722216	0.94	0.94	0.98	0.98	1.5	0.91	0.85	0.8	1.11	1.06	1.5
"LNDR.MI"	"LANDI RENZO"	-1	2025-04-09	1.12	1	1.02945941662516	1.21054058337484	1.42	1.05	1.00798302718872	1.23201697281128	1.7	1.2	1.87	4.68	11.8	1.05	1.69	1.05	3.97	3.97	6.54
"LON.MI"	"LONGINO&CARDENAL"	-1	2025-04-09	1.35	1	1.29670502527938	1.40329497472062	1.63	1.34	1.26673885910932	1.43326114089068	1.65	1.43	1.62	1.7	11.8	1.36	1.52	1.34	3.97	2.02	4.98
"MARP.MI"	"MARZOCCHI POMPE"	-1	2025-04-09	2.34	1	2.21637963488733	2.46362036511267	3.04	2.1	2.13951158538308	2.54048841461692	3.04	2.5	3.04	4.16	4.68	2.1	2.72	3.82	3.52	3.52	4.67
"MARR.MI"	"MARR"	-1	2025-04-09	9.15	1	8.86788787455007	9.43211212544993	9.78	8.4	8.86095838544415	9.43904161455585	10.1	9.19	11.26	12.16	15.52	8.4	9.51	8.4	9.32	9.32	15.52
"MASI.MI"	"MASI AGRICOLA"	-1	2025-04-09	3.82	1	3.70950416531544	3.93049583468455	4.2	3.6	3.71409728702538	3.92590271297462	4.28	3.92	4.28	4.67	5.68	3.69	4.09	3.6	4.07	4.07	5.68
"MET.MI"	"MET.EXTRA GROUP"	-1	2025-04-09	1.32	1	1.22043190182872	1.41956809817128	1.74	1.32	1.19415341626662	1.44584658373338	1.82	1.51	1.82	3.96	8.4	1.45	1.58	1.85	1.85	2.76	4.69
"MEV.MI"	"MEVIM"	-1	2025-04-09	0.46	1	0.437989210956655	0.482010789043345	0.52	0.45	0.437811992150991	0.482188007849009	0.53	0.5	0.53	0.67	3.62	0.45	0.45	0.45	1.3	1.3	4.35
"MFEB.MI"	NA	-1	2025-04-09	4.05	1	3.85697104046587	4.24302895953413	4.87	3.65	3.73932190434329	4.36067809565671	4.96	4.25	4.96	4.96	4.67	3.65	4.48	3.76	2.39	2.03	16.25
"MFT.MI"	"MATICA FINTEC"	-1	2025-04-09	1.6	1	1.56194796036683	1.63805203963317	1.66	1.5	1.57179353982499	1.62820646017501	1.66	1.64	1.61	1.72	1.92	1.5	1.55	1.5	1.29	1.29	1.92
"MIT.MI"	"MITTEL"	-1	2025-03-07	1.75	1	1.74896181747994	1.75103818252006	1.75	1.75	1.75	1.75	1.75	1.76	1.69	1.76	1.91	1.75	1.52	1.32	1.12	1.32	1.91
"MN.MI"	"MONDADORI EDIT"	-1	2025-04-09	1.96	1	1.90198169399686	2.01801830600314	2.18	1.89	1.8869502653238	2.0330497346762	2.18	2.02	2.18	2.67	1.62	1.89	2.03	1.89	0.94	1.47	2.28
"MON.MI"	"MONRIF"	-1	2024-07-12	0.04	1	0.0384758898970793	0.0415241101029207	0.04	0.04	0.04	0.04	NA	0.04	0.06	0.07	33.25	0.03	0.03	0.03	19.23	0.05	0.31
"MONC.MI"	"MONCLER"	-1	2025-04-09	50.5	1	48.4223856023951	52.5776143976049	59.24	47.39	46.796815967573	54.203184032427	62.36	51.98	61.94	70.48	70.34	47.39	59.8	47.39	35	35	70.34
"MTS.MI"	"MIT SIM"	-1	2025-04-08	1.83	1	1.7765223909372	1.8834776090628	2.16	1.83	1.73253769395863	1.92746230604137	2.16	2.16	2.88	3	70.34	2	1.83	1.83	35	35	8
"MTV.MI"	"MONDO TV"	-1	2025-04-09	0.02	1	0.0168128835362627	0.0231871164637373	0.03	0.02	0.0163686348039872	0.0236313651960128	0.03	0.04	0.31	0.78	2.81	0.03	0.14	0.02	0.84	1.05	2.32
"NDT.MI"	"NEODECORTECH"	-1	2025-04-09	2.64	1	2.54272709663248	2.73727290336752	3	2.38	2.47597775546196	2.80402224453804	3.24	2.98	3.24	3.34	5.2	2.38	2.76	2.59	2.59	2.12	5.2
"NEXI.MI"	"NEXI"	-1	2025-04-09	4.23	1	4.00283348214171	4.45716651785829	5.18	3.9	3.83340944800202	4.62659055199799	5.55	4.38	5.55	6.52	7.91	3.9	4.57	3.9	5.25	5.01	7.53
"NOV.DE"	NA	-1	2025-04-09	54.32	1	51.2792346352231	57.3607653647769	66.4	53.34	49.1142712769045	59.5257287230955	76.85	59.51	90.46	126.24	138.34	53.5	67.1	106	17.88	17.88	138.48
"NPI.MI"	"NOTORIOUS PICTURES"	-1	2025-04-09	0.71	1	0.687210586286155	0.732789413713845	0.84	0.7	0.675926711180325	0.744073288819675	0.84	0.77	0.84	0.84	1.84	0.74	0.69	0.68	1.35	1.35	1.84
"NRST.MI"	"NEUROSOFT"	-1	2025-04-08	0.48	1	0.47532193001019	0.48467806998981	0.52	0.48	0.470055096838023	0.489944903161977	0.52	0.52	0.63	0.96	1.68	0.49	0.51	0.55	0.45	0.45	2.26
"NSP.MI"	"NEOSPERIENCE"	-1	2025-04-09	0.48	1	0.448735614647521	0.511264385352479	0.57	0.45	0.452028271729877	0.507971728270123	0.65	0.52	0.7	0.74	3.8	0.49	0.51	0.48	1.32	1.51	2.24
"NTW.MI"	"NETWEEK"	-1	2025-04-09	0.03	1	0.0254516193487847	0.0345483806512153	0.04	0.02	0.0260776772972363	0.0339223227027637	0.04	0.04	0.13	0.53	6.23	0.02	0.02	0.01	0.25	1.93	6.23
"OLI.MI"	"OLIDATA"	-1	2025-04-09	1.83	1	1.68405342299715	1.97594657700285	2.29	1.8	1.6553606542073	2.0046393457927	2.49	2.03	2.49	6.26	10.7	1.87	1.78	1.78	7.08	1.1	9.2
"ORS.MI"	"ORSERO"	-1	2025-04-09	11.98	1	11.6429074841799	12.3170925158201	12.18	11.08	11.7842821047898	12.1757178952102	12.6	12.4	12.6	13.46	17.56	11.08	11.7	11.08	11.2	11.8	17.56
"OSA.MI"	"OSAI AUTOMATION SYSTEM"	-1	2025-04-09	0.24	1	0.226245890334599	0.253754109665401	0.24	0.18	0.229917919279814	0.250082080720186	0.25	0.23	0.99	1.6	14.6	0.18	0.24	0.18	1.12	1.12	1.84
"PHIL.MI"	"PHILOGEN"	-1	2025-04-09	20	1	19.4715503296327	20.5284496703673	20	18.9	19.6239848904135	20.3760151095865	20	20	20	21.3	21.9	18.9	17.8	16.5	16.3	12.6	17.4
"PHN.MI"	"PHARMANUTRA"	-1	2025-04-09	47.35	1	45.7506658992619	48.9493341007381	50.6	46	46.3991689580532	48.3008310419468	55	48.95	50.5	61.2	63.4	46	49.1	46	43.55	50	72.4
"PIA.MI"	"PIAGGIO"	-1	2025-04-09	1.76	1	1.69604712158153	1.82395287841847	1.98	1.7	1.67278106365506	1.84721893634494	2.09	1.83	2.09	2.27	3.84	1.7	1.91	1.7	2.04	1.38	4.24
"PINF.MI"	"PININFARINA SPA"	-1	2025-04-09	0.73	1	0.700755911380732	0.759244088619268	0.84	0.71	0.705315173499887	0.754684826500113	0.86	0.77	0.86	0.91	3.42	0.71	0.8	0.71	0.67	0.67	0.84
"PIRC.MI"	"PIRELLI & C"	-1	2025-04-09	4.73	1	4.57201378759024	4.88798621240976	5.57	4.69	4.36108340976658	5.09891659023342	5.96	5.94	5.96	6.13	6.26	5.84	5.59	4.89	3.22	3.22	6.31
"PLN.MI"	"PLANETEL"	-1	2025-04-09	3.9	1	3.79728080224917	4.00271919775083	3.98	3.64	3.81452781443362	3.98547218556638	4	3.88	4.4	4.88	6.4	3.7	3.8	3.64	4.32	4	10
"PMT.MI"	"PROMOTICA"	-1	2025-04-09	1.84	1	1.77871233148147	1.90128766851853	2.02	1.77	1.77561789887667	1.90438210112333	2.14	1.94	2.24	2.68	3	1.78	2	1.77	1.8	2.5	3.21
"POPR.MI"	"POLIGRAFICI PRINTING"	-1	2025-04-08	0.34	1	0.33706592893069	0.342934071069311	0.36	0.34	0.332737269607974	0.347262730392026	0.38	0.38	0.37	0.38	0.65	0.35	0.33	0.3	0.35	0.35	0.65
"POR.MI"	"PORTOBELLO"	-1	2025-04-09	1.12	1	0.983027454404278	1.25697254559572	1.71	1	0.866761633377424	1.37323836662258	1.99	1.23	1.99	2.85	52.19	1	1.8	1	3.61	34.1	47.35
"PQ.MI"	"PIQUADRO"	-1	2025-04-09	1.8	1	1.75017495563345	1.84982504436655	2.03	1.76	1.72160959915235	1.87839040084765	2.03	2.02	2.01	2.18	2.4	1.97	1.93	1.76	1.78	1.49	2.4
"PRM.MI"	"PRISMI"	-1	2025-04-08	0.07	1	0.0699998258755808	0.0700001741244192	0.07	0.07	0.07	0.07	0.07	0.06	0.13	1.55	3.1	0.05	0.07	0.05	0.07	1.12	1.55
"PRO.MI"	"BCA PROFILO"	-1	2025-04-09	0.16	1	0.15647461702505	0.16352538297495	0.19	0.16	0.151483693727474	0.168516306272526	0.19	0.19	0.22	0.23	3.1	0.18	0.2	0.19	0.07	0.18	0.24
"PRT.MI"	"ESPRINET"	-1	2025-04-09	4.57	1	4.35955461180551	4.78044538819449	5.26	4.3	4.29631834487557	4.84368165512443	5.54	4.73	5.53	5.54	5.53	4.3	4.56	4.05	4.03	4.03	6.09
"PRY.MI"	"PRYSMIAN"	-1	2025-04-09	40.65	1	38.0909522173078	43.2090477826922	54.56	38.57	34.5477053496246	46.7522946503754	60.16	43.03	59.96	72.76	40.07	38.57	52.42	38.57	33.36	25.26	35.55
"PTR.MI"	"PATTERN"	-1	2025-04-09	5.42	1	5.26631970976185	5.57368029023815	5.6	4.86	5.12072615355692	5.71927384644308	5.68	5.52	5.82	5.84	7.78	4.9	5.24	4.86	5.3	4.5	8.06
"PWS.MI"	"POWERSOFT"	-1	2025-04-09	15.85	1	15.1403643866259	16.5596356133741	18	15.3	15.2262374888392	16.4737625111608	18.3	17.3	18.3	18.3	17.8	15.3	12.8	12.5	11.4	3.8	17.8
"RACE.MI"	"FERRARI"	-1	2025-04-09	362	1	347.083970250619	376.916029749381	407.4	347	347.479154809208	376.520845190792	418.6	377.7	417	489.5	410.1	347	373.8	347	268.2	161.4	248
"RAD.MI"	"RADICI"	-1	2025-04-09	1	1	0.970254817333817	1.02974518266618	1.07	0.98	0.962080188714709	1.03791981128529	1.12	1.03	1.13	1.22	1.34	0.99	1.01	0.98	0.91	0.91	1.61
"RAT.MI"	"RATTI"	-1	2025-04-09	1.8	1	1.75260248018167	1.84739751981833	1.97	1.69	1.73780569263886	1.86219430736114	1.99	1.86	1.99	2.4	4.24	1.69	1.91	1.69	3	3.16	4.24
"REC.MI"	"RECORDATI ORD"	-1	2025-04-09	44.78	1	43.3015497036808	46.2584502963192	53.6	43.98	41.8504720404246	47.7095279595754	54.3	53.15	54.3	60.95	57.62	52.05	52.3	48.58	34.52	34.52	57.9
"RETI.MI"	"RETI"	-1	2025-04-08	1.66	1	1.6225319036286	1.6974680963714	1.81	1.61	1.61031417386536	1.70968582613464	1.82	1.8	1.97	1.99	2.64	1.71	1.77	1.79	1.57	1.57	2.64
"REY.MI"	"REPLY"	-1	2025-04-09	135.5	1	130.163950018633	140.836049981367	160.6	130	125.714203497578	145.285796502422	169.5	141.8	167.5	169.5	186.3	130	146.9	130.3	82.35	82.35	187.9
"SAB.MI"	"SABAF"	-1	2025-04-09	13.3	1	12.9279562322855	13.6720437677145	15.3	13.25	12.6621378425803	13.9378621574197	15.3	13.85	15.3	19.4	19.45	13.25	14.2	15.85	13.3	13.22	29.3
"SCF.MI"	"SALCEF GROUP"	-1	2024-11-15	26	1	25.9358534517208	26.0641465482792	26	25.75	25.9450274793922	26.0549725206078	26	25.95	25.85	26.35	25.2	25.75	25.75	21.15	12.94	12.94	25.6
"SCK.MI"	"SCIUKER FRAMES"	-1	2025-04-09	0.77	1	0.663021104427709	0.876978895572291	1.46	0.75	0.452960119678477	1.08703988032152	1.64	0.85	1.92	4.09	11.3	0.75	1.53	0.75	0.65	5.42	8.68
"SCM.MI"	"SOLUTIONS CAPITAL MANAGEMENT SIM"	-1	2025-04-08	3.34	1	3.30020984011056	3.37979015988944	3.42	3.22	3.31327387580876	3.36672612419124	3.58	3.34	3.58	3.66	4.2	3.24	3.22	3.2	2.34	2.9	4.22
"SERI.MI"	"SERI INDUSTRIAL"	-1	2025-04-09	1.79	1	1.65205715674101	1.92794284325899	2.1	1.46	1.68819216550366	1.89180783449634	2.1	2.1	2.44	3.56	4.75	1.46	1.67	1.46	2.28	5.4	8.95
"SES.MI"	"SESA"	-1	2025-04-09	58.85	1	55.618020715142	62.081979284858	72.5	55.2	52.8451061624705	64.8548938375295	82.55	61	82.55	120.8	192.4	55.2	64.6	55.2	91	12.35	192.6
"SFER.MI"	"SALVATORE FERRAGAMO"	-1	2025-04-09	5.11	1	4.75895218606528	5.46104781393472	6.58	4.72	4.5451772620771	5.6748227379229	7.28	5.49	7.24	8.2	18.77	4.72	6.05	4.72	13.49	9.5	23.25
"SFL.MI"	"SAFILO GROUP"	-1	2025-04-09	0.66	1	0.621107495038488	0.698892504961512	0.88	0.65	0.577006553946037	0.742993446053963	0.93	0.91	1.08	1.28	1.82	0.87	0.87	0.65	0.45	0.68	1.67
"SFT.MI"	"SOFTLAB"	-1	2025-04-09	0.49	1	0.440377893090444	0.539622106909556	0.69	0.45	0.391639818652438	0.588360181347562	0.75	0.51	0.99	1.5	1.82	0.45	0.81	0.45	0.45	0.68	4.3
"SG.MI"	"SAES GETTERS"	-1	2024-07-05	27.95	1	27.767708757247	28.132291242753	28.05	27.8	27.7793113495729	28.1206886504271	28.05	28	28	38.55	28.05	27.85	27.45	25.95	19.64	19.64	28.05
"SGC.MI"	"SG COMPANY"	-1	2025-04-09	0.28	1	0.268627847575816	0.291372152424184	0.29	0.26	0.275253688534507	0.284746311465493	0.29	0.29	0.29	0.3	28.05	0.26	0.24	0.21	19.64	0.2	0.39
"SGF.MI"	"SOGEFI"	-1	2025-04-09	1.76	1	1.68648356839755	1.83351643160245	1.91	1.63	1.68856263790357	1.83143736209643	1.95	1.94	2.42	2.42	3.49	1.63	1.76	1.8	1.8	0.66	3.49
"SIT.MI"	"SIT"	-1	2025-04-09	1.08	1	0.999667803807526	1.16033219619247	1.29	1	1.00945658339452	1.15054341660548	1.3	1.14	1.3	1.42	11.95	1	1.17	1	5.74	4.03	11.95
"SL.MI"	"SANLORENZO"	-1	2025-04-09	25.9	1	24.8077921571502	26.9922078428498	29.5	25.2	24.8455679618501	26.9544320381499	30.2	27.25	30.2	37.7	46.3	25.2	28.4	25.2	27.15	27.15	46.3
"SOM.MI"	"SOMEC"	-1	2025-04-09	10.55	1	9.90991798303319	11.1900820169668	12	10	10.0158374120835	11.0841625879165	12	12	11.6	13.45	33.7	10	9.8	9.8	20.6	13.35	18.65
"SOS.MI"	"SOSTRAVEL.COM"	-1	2025-04-08	0.63	1	0.599951526109966	0.660048473890034	0.84	0.6	0.585766603040311	0.674233396959689	0.84	0.8	0.98	1.02	1.48	0.68	0.87	0.6	1	0.68	1.68
"SRG.MI"	"SNAM"	-1	2025-04-09	4.51	1	4.39617515916331	4.62382484083669	5.04	4.46	4.38586563465607	4.63413436534393	5.04	4.98	4.73	5.04	5.2	4.77	4.36	4.16	4.12	3.96	5.2
"SSL.MI"	"S.S. LAZIO"	-1	2025-04-09	0.84	1	0.806415980300105	0.873584019699895	0.88	0.75	0.800442002517378	0.879557997482622	0.94	0.96	0.97	1.13	1.17	0.77	0.91	0.75	0.9	0.6	1.35
"STLAM.MI"	"STELLANTIS"	-1	2025-04-09	7.77	1	7.22624908742654	8.31375091257346	11.07	7.68	6.49806368947892	9.04193631052108	11.73	10.38	12.07	13.75	27.19	10.07	10.91	11.27	11.19	11.16	27.35
"STMMI.MI"	NA	-1	2025-04-09	16.68	1	15.6224843624162	17.7375156375838	21.53	15.76	14.5290441685123	18.8309558314877	23.97	17.76	24.25	27.07	50.06	15.76	21.75	15.76	35.17	27.41	50.48
"TALEA.MI"	"TALEA GROUP"	-1	2025-04-09	4.19	1	3.84517359651905	4.53482640348095	4.43	3.3	3.93998901123052	4.44001098876948	4.57	4.38	5.42	5.54	43	3.3	3.33	3.3	9.04	9.04	14.42
"TB.MI"	"TRIBOO"	-1	2025-04-09	0.26	1	0.239403882885316	0.280596117114684	0.35	0.24	0.220657882647191	0.299342117352809	0.37	0.39	0.6	0.85	1.87	0.35	0.53	0.24	0.87	1	1.47
"TCM.MI"	"TECMA SOLUTIONS"	-1	2025-04-09	1.57	1	1.49086522633274	1.64913477366726	1.89	1.57	1.48456639362112	1.65543360637888	1.9	1.67	1.9	4	1.87	1.59	1.48	1.48	0.87	4.6	11.8
"TD.MI"	"TRENDEVICE"	-1	2025-04-08	0.07	1	0.0652371574369317	0.0747628425630683	0.07	0.06	0.0614836937274736	0.0785163062725264	0.08	0.07	0.2	0.29	1.31	0.06	0.05	0.05	0.87	0.84	0.95
"TEN.MI"	"TENARIS"	-1	2025-04-09	13.81	1	13.2048889607831	14.4151110392169	18.65	13.66	12.0477730123381	15.5722269876619	18.93	18.3	18.93	19.44	17.88	17.77	16.43	12.05	11.66	11.63	17.88
"TFIN.MI"	"TREVI FIN IND"	-1	2025-04-09	0.23	1	0.216682064132038	0.243317935867962	0.29	0.22	0.221355621784924	0.238644378215076	0.29	0.29	0.33	0.44	17.88	0.23	0.26	0.22	0.49	0.24	0.77
"TIP.MI"	"TAMBURI"	-1	2025-04-09	6.88	1	6.65729766127975	7.10270233872025	7.82	6.47	6.46458811648313	7.29541188351687	8.3	7.02	8.82	9.74	10.12	6.47	8.19	6.47	6.31	6.26	10.12
"TIT.MI"	"TELECOM ITALIA"	-1	2025-04-09	0.28	1	0.268314451946071	0.29168554805393	0.32	0.27	0.266152319986429	0.293847680013571	0.32	0.32	0.31	0.32	0.51	0.31	0.26	0.2	0.16	0.16	0.51
"TLS.MI"	"TELESIA"	-1	2025-04-09	1.5	1	1.47568566879042	1.52431433120958	1.65	1.5	1.44378221313108	1.55621778686892	1.7	1.65	2	2.16	2.34	1.58	1.61	1.9	1.86	1.85	2.4
"TNX.MI"	"TENAX INTERNATIONAL"	-1	2025-04-09	1.7	1	1.64953563208916	1.75046436791084	2	1.68	1.58856332799239	1.81143667200761	2.1	1.78	2.38	3.1	3.44	1.68	1.95	1.68	2.82	2.82	3.5
"TNXT.MI"	"TINEXTA"	-1	2025-04-09	7.66	1	7.14748830661821	8.17251169338179	9.72	7.4	7.0335517877451	8.2864482122549	9.72	8.18	9.72	9.72	20.7	7.4	7.48	7.32	14.19	14.19	20.7
"TRN.MI"	"TERNA"	-1	2025-04-09	7.8	1	7.60303907326811	7.99696092673189	8.83	7.69	7.55968770318604	8.04031229681396	8.83	8.68	8.18	8.83	8.24	7.91	7.58	7.46	6.92	6.92	8.27
"TSL.MI"	"TESSELLIS"	-1	2025-04-09	0.16	1	0.152491344043469	0.167508655956531	0.19	0.15	0.144504520333017	0.175495479666983	0.21	0.23	0.27	0.82	4.99	0.21	0.19	0.15	0.31	0.3	2.34
"TWL.MI"	"TRAWELL CO"	-1	2025-04-09	6.3	1	6.09976029190688	6.50023970809312	6.72	6.15	6.14375280222293	6.45624719777707	6.78	6.56	6.72	6.78	9.88	6.26	6.24	5.78	4.53	7.1	9.12
"UD.MI"	"UNIDATA"	-1	2025-04-09	2.62	1	2.49745571053313	2.74254428946687	2.86	2.32	2.49172959537252	2.74827040462748	2.99	2.71	2.99	3.87	3.66	2.32	2.73	2.32	3.74	3.7	4.47
"US.MI"	"UNIPOLSAI"	-1	2024-07-01	2.53	1	2.52189858761645	2.53810141238355	2.53	2.51	2.52502754841901	2.53497245158099	2.53	2.53	2.7	2.7	2.35	2.51	2.67	2.2	2.07	2.07	2.77
"VE.MI"	"VISIBILIA EDITORE"	-1	2025-04-08	0.03	1	0.0299808284496139	0.0300191715503861	0.03	0.03	0.03	0.03	0.03	0.4	0.42	1.94	2.35	0.32	0.14	0.17	2.07	357.18	2971.74
"VIA.MI"	"VIANINI"	-1	2024-08-02	0.86	1	0.859149966584425	0.860850033415575	0.86	0.86	0.86	0.86	0.86	0.87	0.88	0.88	1.3	0.86	0.77	0.75	0.74	0.79	1.3
"VLS.MI"	"VALSOIA"	-1	2025-04-09	10.7	1	10.3920261445243	11.0079738554757	11.2	10.05	10.5416690765558	10.8583309234442	11.2	10.95	11.1	11.2	10.3	10.05	10	9.94	9.42	8.76	10.3
"VNT.MI"	"VANTEA SMART"	-1	2025-04-09	0.99	1	0.944675838123678	1.03532416187632	1.11	0.82	0.931216545648503	1.0487834543515	1.12	1.1	1.18	1.24	10.3	0.82	1.09	0.82	1.25	1.16	2.68
"WBS.MI"	"WEBSOLUTE"	-1	2025-04-09	1.04	1	0.964683488410377	1.11531651158962	1.5	1.01	0.855673187988362	1.22432681201164	1.58	1.55	1.58	1.98	4.16	1.46	1.39	1.01	0.89	0.89	1.98
"WIIT.MI"	"WIIT"	-1	2025-04-09	13.86	1	13.3399105248966	14.3800894751034	14.86	13.02	13.2500963866459	14.4699036133541	16.44	14.44	18.78	23.45	23.65	13.02	15.62	13.02	12.85	13.54	22.66
"XPR.MI"	"EXPRIVIA"	-1	2024-07-16	1.52	1	1.41870341382383	1.62129658617617	2.08	1.49	1.38793899178747	1.65206100821253	2.08	2.08	1.72	2.08	2.59	1.86	1.51	1.5	1.13	1.12	2.7
"ZEST.MI"	"ZEST"	-1	2025-04-09	0.15	1	0.141823306413988	0.158176693586012	0.18	0.14	0.139917919279814	0.160082080720186	0.18	0.18	0.19	0.41	0.41	0.17	0.15	0.1	0.61	0.36	0.63
"ZUC.MI"	"ZUCCHI"	-1	2025-04-09	1.1	1	1.05868302196496	1.14131697803504	1.28	1.03	1.04233004095871	1.15766995904129	1.36	1.15	1.45	2.32	4.28	1.03	1.3	1.03	1.87	1.17	4.28
"ZV.MI"	"ZIGNAGO VETRO"	-1	2025-04-09	8.23	1	7.93267668910202	8.52732331089798	9.05	7.71	7.85711622763613	8.60288377236387	9.95	8.42	10.16	10.66	18.84	7.71	8.81	7.71	11.96	10.46	18.88
"EEMS.MI"	"EEMS"	0	2025-04-09	0.12	1	0.113066629510686	0.126933370489314	0.16	0.12	0.105626642473193	0.134373357526807	NA	0.16	0.2	0.36	18.7	0.15	0.16	0.12	11.45	0	0.37
"GTH.MI"	"GREENTHESIS"	0	2024-09-20	2.3	1	2.2921247215646	2.3078752784354	2.3	2.28	2.29171258069835	2.30828741930165	NA	2.28	2.23	2.3	1.32	2.27	2.2	0.89	0.8	0.78	1.32
"OJM.MI"	"OPENJOBMETIS"	0	2024-07-05	16.45	1	16.3875404155376	16.5124595844624	16.55	16.4	16.4087289847072	16.4912710152928	NA	16.55	16.45	16.55	10.7	16.45	16.25	7.88	7.08	7.08	13.7
"VIM.MI"	"VIMI FASTENERS"	0	2025-04-09	0.88	1	0.85380647870034	0.90619352129966	1	0.86	0.830319703421458	0.929680296578542	NA	0.89	1	1.06	1.66	0.86	0.94	0.86	0.62	1.16	1.66
"ABC.MI"	"ABC COMPANY"	1	2025-04-08	3.7	1	3.69994649831916	3.70005350168084	3.7	3.7	3.7	3.7	3.7	3.4	3.7	560	1.96	3.1	2.76	2.76	0.95	572.12	1149.09
"ABP.MI"	"A.B.P. NOCIVELLI"	1	2025-04-09	4.7	1	4.59322071505855	4.80677928494145	5.15	4.58	4.61862446300037	4.78137553699963	4.58	4.86	5.15	5.7	4.1	4.58	4.8	4.58	3.36	3.36	4.17
"ALK.MI"	"ALKEMY"	1	2025-04-09	11.85	1	11.7900558600766	11.9099441399234	11.9	11.8	11.8232738758088	11.8767261241912	11.8	11.9	11.95	12.4	12.98	11.8	10.7	10.55	6.8	6.8	23.5
"ANIM.MI"	"ANIMA HOLDING"	1	2025-04-09	6.43	1	6.32154465360895	6.53845534639105	6.99	6.41	6.25164826701335	6.60835173298665	6.41	6.86	6.98	7.09	4.95	6.41	6.86	6.41	2.84	2.83	4.95
"ARBS.MI"	"ARTERRA BIOSCIENCE"	1	2025-04-09	2.1	1	2.02639793194116	2.17360206805884	2.28	1.89	2.04581269764729	2.15418730235271	1.89	2.18	2.28	2.28	4.95	2.02	2	1.85	2.84	1.48	4.4
"AUTME.MI"	"AUTOSTRADE MERID"	1	2025-04-09	2.83	1	2.75906234287782	2.90093765712218	2.9	2.67	2.75289225463286	2.90710774536714	2.65	2.88	2.92	15.55	22	2.67	2.65	2.2	2.2	1.9	24.8
"AV.MI"	"ANTARES VISION"	1	2025-04-09	3.08	1	2.90629723936653	3.25370276063347	3.5	2.88	2.94402973822224	3.21597026177776	2.88	3.2	3.58	3.88	14	2.88	3.32	2.88	1.33	1.3	14
"AVIO.MI"	"AVIO"	1	2025-04-09	16.5	1	15.4731962056221	17.5268037943779	18.18	14.4	15.7823114024335	17.2176885975665	14.4	17.1	20.75	20.75	14.26	14.4	17.02	11.6	7.03	7.03	15.3
"BAMI.MI"	"BANCO BPM"	1	2025-04-09	8.08	1	7.66739527088331	8.49260472911669	9.86	7.4	7.28044380442016	8.87955619557984	7.4	8.35	10.29	10.29	6.73	7.4	9.3	5.4	2.36	2.13	3.76
"BDB.MI"	"BCO DESIO BRIANZA"	1	2025-04-09	6.81	1	6.41255474555227	7.20744525444773	8.74	6.28	6.08039827212466	7.53960172787534	6.28	7.16	8.74	8.86	3.66	6.28	7.06	6.28	2.49	3.06	3.66
"BFG.MI"	"B.F"	1	2025-04-09	4.35	1	4.2805591305048	4.4194408694952	4.48	4.28	4.31491767922772	4.38508232077228	4.28	4.45	4.48	4.66	4.1	4.34	4.36	4.28	3.35	3.35	4.1
"BGN.MI"	"BANCA GENERALI"	1	2025-04-09	44.16	1	42.4629976461526	45.8570023538474	53.2	41.7	40.5811954847684	47.7388045152315	41.7	46.62	53.8	53.8	34.84	41.7	50	36.5	27.14	23.81	43.54
"BMED.MI"	"BANCA MEDIOLANUM"	1	2025-04-09	12.24	1	11.6806594480357	12.7993405519643	15.42	11.47	11.0136545849871	13.4663454150129	11.47	12.95	15.51	15.51	9.44	11.47	13.13	10.74	7.5	7.5	9.47
"BMPS.MI"	"BANCA MONTE PASCHI SIENA"	1	2025-04-09	5.89	1	5.56158033063416	6.21841966936584	7.83	5.55	5.16017991077433	6.61982008922567	5.55	6.22	7.93	5.36	46.67	5.55	6.08	4.1	1.49	1.49	46.67
"BPE.MI"	"BPER BANCA"	1	2025-04-09	5.88	1	5.55255143187254	6.20744856812746	7.74	5.31	5.12854244195799	6.63145755804201	5.31	6.11	7.79	7.81	2.22	5.31	6.21	3	1.92	1.25	2.22
"BPSO.MI"	"BCA POP SONDRIO"	1	2025-04-09	9.12	1	8.64108419558667	9.59891580441333	11.75	8.31	8.04798408040359	10.1920159195964	8.31	9.47	11.84	11.86	8.28	8.31	7.98	5.89	2.67	5.89	8.28
"BZU.MI"	"BUZZI"	1	2025-04-09	40.86	1	38.5214437070463	43.1985562929537	49.58	36.5	36.8324254701612	44.8875745298388	36.5	42.48	54.25	54.45	24.29	36.5	41.98	35.34	18.26	14.08	24.29
"CAI.MI"	"CAIRO COMMUNICATION"	1	2025-04-09	2.74	1	2.66419478882232	2.81580521117768	2.93	2.62	2.66981578399794	2.81018421600206	2.62	2.83	2.99	2.99	2.38	2.62	2.77	2.38	1.37	1.37	2.38
"CALT.MI"	"CALTAGIRONE"	1	2025-04-09	6.42	1	6.13481783525999	6.70518216474001	7.5	6.1	6.02237794741325	6.81762205258675	6.1	6.8	7.84	7.84	4.71	6.1	7.02	3.7	2.9	2.9	4.71
"CE.MI"	"CREDEM"	1	2025-04-09	10.84	1	10.4048227681441	11.2751772318559	13.04	9.98	9.96030849563205	11.7196915043679	9.98	11.32	13.18	13.24	8.31	9.98	11.84	9.82	5.05	5.03	7.7
"CED.MI"	"CALTAGIRONE EDIT"	1	2025-04-09	1.53	1	1.4652362597619	1.5947637402381	1.66	1.38	1.48762542748765	1.57237457251235	1.38	1.59	1.66	1.85	1.26	1.38	1.54	1.38	0.92	0.91	1.26
"CEM.MI"	"CEMENTIR HOLDING"	1	2025-04-09	12.78	1	12.2366288014449	13.3233711985551	14.18	11.34	12.1546157225309	13.4053842774691	11.34	13.14	14.36	14.38	9.98	11.34	12.68	9.16	5.17	5.17	9.98
"CIRC.MI"	"CIRCLE"	1	2025-04-09	6.1	1	5.75476680972693	6.44523319027307	7.98	5.56	5.29491178559922	6.90508821440078	5.56	8.02	7.52	8.8	9.3	7.74	7	5.56	2.96	2.96	9.3
"CML.MI"	"COMAL"	1	2025-03-18	5.08	1	5.05107918261255	5.10892081738745	5.1	5.06	4.96681193321936	5.19318806678064	4.79	5.1	5.1	5.1	4.35	5.08	4.78	3.45	2.55	2.55	4.35
"COP.MI"	"COPERNICO"	1	2025-04-08	6.65	1	6.62118403872097	6.67881596127903	6.65	6.5	6.59654775161752	6.70345224838249	6.5	6.55	6.9	7.4	36.7	6.5	6.2	5.65	24.4	2.8	8.48
"DBA.MI"	"DBA GROUP"	1	2025-04-09	3.75	1	3.61715379520668	3.88284620479332	3.76	3.41	3.66490147920347	3.83509852079653	3.12	3.7	3.59	3.76	3.25	3.41	2.62	2.37	1.41	1.57	1.93
"EDNR.MI"	"EDISON R"	1	2025-04-09	1.79	1	1.74517696419	1.83482303581	1.88	1.7	1.74942717847926	1.83057282152074	1.7	1.86	1.9	2.08	18.7	1.7	1.84	1.7	11.45	1.48	1.66
"ENEL.MI"	"ENEL"	1	2025-04-09	6.79	1	6.60409002744831	6.97590997255169	7.86	6.71	6.50614796456256	7.07385203543744	6.71	7.82	7.06	7.86	6.38	7.47	6.52	5.66	5.48	3.96	9.05
"EQUI.MI"	"EQUITA GROUP"	1	2025-04-09	3.95	1	3.82999135857471	4.07000864142529	4.49	3.8	3.77431765679419	4.12568234320582	3.8	4.09	4.49	4.5	4.1	3.8	4.19	3.8	3.36	3.36	4.07
"EVISO.MI"	"EVISO"	1	2025-04-09	9.07	1	8.39889532941362	9.74110467058638	10.45	7.73	8.54686437788956	9.59313562211044	7.73	9.28	12	12	3.04	7.73	8.02	4.27	2	2	3.04
"FBK.MI"	"FINECOBANK"	1	2025-04-09	15.24	1	14.5235953026078	15.9564046973922	18.84	14.25	13.7676853462794	16.7123146537206	14.25	15.99	19.37	19.37	17.29	14.25	17.41	13.76	10.59	10.59	17.29
"FCT.MI"	"FINCANTIERI"	1	2025-04-09	9.63	1	9.05785812926039	10.2021418707396	10.56	7.8	9.13166155196372	10.1283384480363	7.8	9.92	11.67	11.67	6.25	7.8	8.93	4.4	3.51	3.48	6.56
"FILA.MI"	"FILA"	1	2025-04-09	10.1	1	9.71689681771167	10.4831031822883	11.4	9.41	9.58113394982715	10.6188660501729	9.41	10.22	11.4	11.4	10.14	9.41	9.77	9.28	6.51	7.5	10.14
"FM.MI"	"FIERA MILANO"	1	2025-04-09	4.45	1	4.22130351121796	4.67869648878204	5.24	4	4.1433377130429	4.7566622869571	4	4.72	5.46	5.52	4.32	4	4.78	4	3.36	1.79	3.3
"G.MI"	"GENERALI ASS"	1	2025-04-09	29.07	1	28.2061157452789	29.9338842547211	33.02	28.17	27.7100078781741	30.4299921218259	28.17	30.77	32.97	33.02	21.55	28.17	31.38	21.63	13.68	13.67	21.55
"GE.MI"	"GEFRAN"	1	2025-04-09	8.28	1	7.96389389751004	8.59610610248996	9.34	7.7	7.72876562093848	8.83123437906152	7.7	9	9.7	10	10.86	7.7	9.12	7.7	6.95	6.94	11.95
"GEL.MI"	"GEL"	1	2025-04-09	2.04	1	1.95671204329944	2.12328795670056	2.2	1.96	1.96020630997984	2.11979369002016	1.83	2.18	2.24	2.26	2.76	1.96	1.98	1.3	1.2	1.2	1.88
"IEG.MI"	"ITALIAN EXHIBITION GROUP"	1	2025-04-09	7.06	1	6.7477603591623	7.3722396408377	7.78	6.44	6.82045831306384	7.29954168693616	6.44	7.5	7.78	5.4	3.68	6.44	7.1	4.5	1.8	1.8	3.68
"IGD.MI"	NA	1	2025-04-09	2.67	1	2.54421180097676	2.79578819902324	3.01	2.55	2.58252001798841	2.75747998201158	2.55	2.77	2.98	3.01	4.72	2.55	2.5	2.12	1.39	1.39	4.72
"IGV.MI"	"I GRANDI VIAGGI"	1	2025-04-09	1.43	1	1.36103647667215	1.49896352332785	1.54	1.28	1.36643814123148	1.49356185876852	1.24	1.53	1.33	1.54	0.93	1.28	1.18	0.77	0.72	0.72	0.94
"ISP.MI"	"INTESA SANPAOLO"	1	2025-04-09	3.91	1	3.73251194992284	4.08748805007716	4.92	3.66	3.50644641680999	4.31355358319001	3.66	4.07	4.98	4.98	2.92	3.66	3.74	3.52	1.58	1.58	2.92
"IVS.MI"	"IVS GROUP"	1	2024-10-28	7.16	1	7.13499115255702	7.18500884744298	7.16	7.1	7.13756572481009	7.18243427518991	7.1	7.12	7.24	7.3	6.02	7.1	7.06	5.02	3.4	3.39	5.75
"LDO.MI"	"LEONARDO"	1	2025-04-09	40.72	1	37.9828301572514	43.4571698427486	46.48	33.74	38.2684235840837	43.1715764159163	33.74	42.69	49.6	49.6	8.01	33.74	44.1	18.91	5.76	5.76	8.01
"LUVE.MI"	"LUVE"	1	2025-04-09	26.3	1	25.0423848463102	27.5576151536898	29.15	23.15	24.982993737864	27.617006262136	23.15	28.6	30.3	31.45	32.4	23.15	27.6	23.15	17.06	17.02	32.4
"MAIRE.MI"	"MAIRE"	1	2025-04-09	7.12	1	6.70386782399381	7.53613217600619	9.05	6.42	6.39094936035634	7.84905063964366	6.42	7.51	9.09	10.01	8.33	6.42	8.02	6.42	6.52	2.24	4.77
"MAPS.MI"	"MAPS"	1	2025-04-09	3.13	1	3.01977299789246	3.24022700210754	3.46	2.94	3.01974305733155	3.24025694266845	2.94	3.39	3.46	3.46	4	2.94	2.82	2.31	2.24	2.9	4
"MB.MI"	"MEDIOBANCA"	1	2025-04-09	14.05	1	13.3820898271931	14.7179101728069	18.18	13.19	12.4336057969108	15.6663942030892	13.19	14.85	18.33	18.33	10.88	13.19	16.58	13.26	7.17	4.05	10.98
"MNL.MI"	"MONNALISA"	1	2025-04-09	1.1	1	1.06112429205777	1.13887570794223	1.18	1.09	1.07209710716482	1.12790289283518	1.09	1.13	1.29	1.89	5.7	1.09	1.12	1.09	2.18	0.5	6.2
"MOL.MI"	"MUTUIONLINE"	1	2025-04-09	38	1	36.3476594193461	39.6523405806539	41.8	34.8	36.143777172101	39.856222827899	33	41.05	43.35	43.35	33.25	34.8	33	31.2	19.23	19.23	53.6
"NVP.MI"	"NVP"	1	2025-03-11	4.08	1	4.06275871230953	4.09724128769047	4.16	4.08	4.02769069168624	4.13230930831376	3.9	4.16	3.4	4.16	6.23	4.08	2.98	2.54	0.25	1.48	4.26
"NWL.MI"	"NEWLAT FOOD"	1	2025-04-09	14.52	1	13.8530224748032	15.1869775251968	16.86	14.18	13.7512704929918	15.2887295070082	11.48	15.06	16.74	16.86	7.48	14.3	11.14	11.12	4.18	4.18	7.48
"OS.MI"	"OFFICINA STELLARE"	1	2025-04-09	14.4	1	13.7948751748532	15.0051248251468	16.05	13.7	13.8638353541378	14.9361646458622	13.7	15.2	16.05	17.15	14.6	13.7	15.1	13.7	8	10.35	11.9
"OVS.MI"	"OVS"	1	2025-04-09	2.88	1	2.76436864780226	2.99563135219774	3.28	2.7	2.73414895450314	3.02585104549686	2.7	3	3.28	3.73	3.13	2.7	3.11	2.7	1.39	1.38	3.13
"PLC.MI"	"PLC"	1	2025-04-09	1.63	1	1.54646910206603	1.71353089793397	1.87	1.51	1.5091422596331	1.7508577403669	1.47	1.83	1.59	1.88	1.9	1.49	1.43	1.43	1.24	1.23	1.91
"PST.MI"	"POSTE ITALIANE"	1	2025-04-09	15.14	1	14.7445049862335	15.5354950137665	16.85	14.52	14.535272743342	15.744727256658	14.52	15.59	16.85	16.85	13.01	14.52	16.27	12.8	11.31	7.58	12.73
"PVN.MI"	"PIOVAN"	1	2025-04-02	13.95	1	13.9077786990751	13.9922213009249	14	13.9	13.9243223704493	13.9756776295507	13.9	14	13.9	14	11	13.95	13.6	11.2	8.3	8.22	11
"RCS.MI"	"RCS MEDIAGROUP"	1	2025-04-09	0.92	1	0.884206535372056	0.955793464627944	1.02	0.86	0.866194285200781	0.97380571479922	0.86	0.95	1.08	1.08	4.24	0.86	0.99	0.72	3	0.59	0.95
"RLT.MI"	"RELATECH"	1	2024-12-09	2.52	1	2.50936588289107	2.53063411710893	2.59	2.51	2.51349556364412	2.52650443635588	2.51	2.59	2.54	2.59	3.29	2.52	2.42	1.92	82.35	1.81	2.61
"RWAY.MI"	"RAI WAY"	1	2025-04-09	5.3	1	5.16317373871819	5.43682626128181	5.87	5.2	5.11029664568763	5.48970335431236	5.2	5.43	5.87	5.89	5.9	5.2	5.71	5.2	4.61	4.61	5.9
"S24.MI"	"IL SOLE 24 ORE"	1	2025-04-09	0.78	1	0.746020526351323	0.813979473648677	0.82	0.69	0.766172173301318	0.793827826698682	0.66	0.81	0.72	0.82	5.9	0.69	0.67	0.6	4.61	0.36	0.74
"SEIF.MI"	"SOCIETA' EDITORIALE IL FATTO"	1	2025-04-09	0.3	1	0.29212508140281	0.30787491859719	0.32	0.29	0.293537938273411	0.306462061726589	0.29	0.31	0.33	0.37	0.89	0.29	0.31	0.29	0.18	0.27	0.53
"SHE.MI"	"SHEDIR PHARMA GROUP"	1	2025-01-21	4.88	1	4.85813659159003	4.90186340840997	4.98	4.86	4.87005509683802	4.88994490316198	4.86	4.98	3.96	4.98	4.52	4.88	3.68	3.6	3.34	3.34	5.1
"SOL.MI"	"SOL"	1	2025-04-09	34.1	1	32.7516645455564	35.4483354544436	38	31.35	33.0037714503959	35.1962285496041	31.35	37.8	38.65	39.8	27.85	31.35	36.15	31.35	24	15.12	22.85
"SPM.MI"	"SAIPEM"	1	2025-04-09	1.62	1	1.52371101267143	1.71628898732857	2.21	1.59	1.40113052713125	1.83886947286875	1.59	1.77	2.24	2.8	2.47	1.59	1.93	1.59	0.58	1.25	1.65
"SRI.MI"	"SERVIZI ITALIA"	1	2024-12-13	2.36	1	2.34990977821425	2.37009022178575	2.37	2.36	2.35574184686374	2.36425815313626	2.36	2.37	2.4	2.4	6.84	2.36	2.35	1.42	1	0.98	2.95
"SRS.MI"	"SARAS"	1	2024-09-10	1.6	1	1.59740128581841	1.60259871418159	1.6	1.59	1.59636863480399	1.60363136519601	1.59	1.63	1.68	1.96	2.37	1.59	1.61	1.59	0.41	0.41	2.39
"TGYM.MI"	"TECHNOGYM"	1	2025-04-09	10.33	1	9.91153757832468	10.7484624216753	12.24	9.42	9.65899943499148	11.0010005650085	9.42	10.7	12.24	12.24	12.09	9.42	10.76	8.51	5.85	5.85	12.09
"TOD.MI"	"TOD'S"	1	2024-06-05	42.96	1	42.8162854887902	43.1037145112098	42.98	42.72	42.8650621950265	43.0549378049735	42.72	42.88	43.22	43.3	45.56	42.72	42.66	30.16	28.42	28.42	45.56
"TPS.MI"	"TPS"	1	2025-04-09	6.6	1	6.4225973078491	6.7774026921509	7.85	6.15	6.06742126414012	7.13257873585988	6.15	6.7	8	8.05	5.95	6.15	6.9	6.15	5.3	4.6	6.6
"TXT.MI"	"TXT E-SOLUTIONS"	1	2025-04-09	28.9	1	27.1749917134148	30.6250082865852	34.8	26.9	26.5856752818373	31.2143247181627	26.9	30.05	42	42	10.74	26.9	38.45	22.05	7.74	6.73	8.53
"TYA.MI"	"TOSCANA AEROPORTI"	1	2025-04-09	16.3	1	15.7424163698105	16.8575836301895	16.9	15.6	16.0794861146631	16.5205138853369	15.6	16.7	16.75	17.15	12.85	15.7	15.65	12.35	11.1	10.7	13.5
"U24.MI"	"UCAPITAL24"	1	2025-04-09	0.54	1	0.491048447093942	0.588951552906058	0.74	0.54	0.486133049541965	0.593866950458035	0.35	0.73	0.8	0.8	12.85	0.5	0.35	0.11	11.1	10.7	2.98
"UCG.MI"	"UNICREDIT"	1	2025-04-09	43.51	1	41.1008911366383	45.9191088633617	54.9	38.52	38.7261296647364	48.2938703352636	38.52	44.73	55.45	55.45	15.93	38.52	36.7	35.45	7.75	7.75	15.93
"UNI.MI"	"UNIPOL"	1	2025-04-09	12.84	1	12.2352149381352	13.4447850618648	15.55	11.57	11.7550652017363	13.9249347982637	11.57	13.47	15.62	15.62	5.42	11.57	14.05	11.11	2.5	3.81	5.42
"UNIR.MI"	"UNIEURO"	1	2025-01-07	11.68	1	11.5701637508147	11.7898362491853	11.96	11.62	11.5665428386018	11.7934571613982	11	11.74	11.96	11.98	31.36	11.68	11	10.48	7.84	7.84	31.36
"WBD.MI"	"WEBUILD"	1	2025-04-09	2.65	1	2.4975707031612	2.8024292968388	3.41	2.39	2.33675747555468	2.96324252444532	2.39	2.8	3.72	3.72	2.46	2.39	3.07	1.91	1.15	1.15	2.46
